2
2 3 15
0 1 3 4
1 2 4 5 6 16
2 3 6
3 6 10 17
3 4 5 8 10
8 9
6 7 9 10
7 8 10 12
5 6 8 9 11 17
10 12 13 18
9 11 13 14
11 12 14 19 36 37
12 13 31
1 16 22
3 15 17 22 23
5 10 16 18 23
11 17 19 23 24
13 18 20 24 25 37
19 21 25 26 38
20 26 38 69
15 16 23 27
16 17 18 22 24 27
18 19 23 25 27 28
19 20 24 26 29
20 21 25 29
22 23 24 28
24 27 29 30
25 26 28 30
28 29
14 32 36
31 33 36 39
32 34 39 41 42
33 35 42 43
34 43 44
13 31 32 37
13 19 36 38 39
20 21 37 39
32 33 37 38 40 41
39 40 41 45
33 39 40 42 46
33 34 41 43 47
34 35 42 44 48
35 43 49 57 58
40 46
41 45 47 50
42 46 48 50
43 47 49 51
44 48 52 59
46 47 51 53
48 50 52 53 54
49 51 54 56 60
50 51 54 55 66 67
51 52 53 56
53 56 67 68
52 54 55 60
44 58
44 57 59
49 58 60 62 63
52 56 59
62
59 61 63 64
59 62 64 65
62 63 65
63 64
53 67 69
53 55 66 68 69 70
55 67 70
66 67 70
67 68 69
